0.10 0.75 2.060 766 358.0
1.03 0.75 2.048 6495 602.4
8.69 0.75 2.024 48728 998.1
34.01 0.75 1.970 168523 1365.1
103.41 0.75 1.896 448881 1737.4
322.47 0.75 1.777 1201362 2236.4
926.15 0.75 1.629 2980082 2798.3
0.10 0.50 2.061 474 318.8
8.69 0.50 2.046 32564 909.9
103.41 0.50 1.934 309602 1580.3
926.15 0.50 1.628 2085700 2545.3
0.10 0.90 2.043 848 366.8
8.69 0.90 2.008 57941 1050.3
103.41 0.90 1.864 528677 1826.8
926.15 0.90 1.648 3559079 2931.1
34.01 0. 1.959 166779 482.2
103.41 0. 1.969 342187 642.1
322.47 0. 1.694 375325 896.8
926.15 0. 1.411 710552 1132.5
